$CANSAT,1,20.23,1012.45,6.07,24
$CANSAT,2,20.07,1012.21,15.62,12
$CANSAT,3,19.7,1009.94,20.72,2A
$CANSAT,4,19.7,1010.54,28.64,26
$CANSAT,5,19.68,1009.22,36.9,23
$CANSAT,6,19.44,1008.11,45.39,18
$CANSAT,7,19.46,1006.89,51.5,2E
$CANSAT,8,19.79,1005.7,58.7,13
$CANSAT,9,19.31,1004.76,66.55,13
$CANSAT,10,19.48,1003.86,76.37,28
$CANSAT,11,19.48,1003.05,84.55,2B
$CANSAT,12,19.45,1001.71,92.98,22
$CANSAT,13,19.11,1002.02,99.29,24
$CANSAT,14,19.04,1001.24,106.56,1F
$CANSAT,15,19.31,998.54,115.83,2D
$CANSAT,16,19.09,998.12,121.16,2C
$CANSAT,17,19.06,997.17,130.93,25
$CANSAT,18,19.03,995.65,140.75,27
$CANSAT,19,19.08,994.72,150.28,23
$CANSAT,20,18.79,993.26,159.44,2B
$CANSAT,21,18.8,993.53,166.5,27
$CANSAT,22,18.95,992.11,176.2,11
$CANSAT,23,18.53,992.3,184.18,1F
$CANSAT,24,18.72,989.77,191.56,2C
$CANSAT,25,18.76,990.22,196.84,29
$CANSAT,26,18.66,988.79,205.95,25
$CANSAT,27,18.71,987.46,213.71,2C
$CANSAT,28,18.62,986.73,223.42,25
$CANSAT,29,18.58,986.05,228.81,28
$CANSAT,30,18.19,985.83,236.06,28
$CANSAT,31,18.27,984.32,243.49,26
$CANSAT,32,18.09,983.6,249.44,1E
$CANSAT,33,18.27,983.58,256.51,22
$CANSAT,34,18.02,981.77,262.05,2B
$CANSAT,35,18.0,980.76,267.75,1A
$CANSAT,36,18.04,979.7,274.98,1C
$CANSAT,37,18.44,980.48,282.59,20
$CANSAT,38,17.83,979.42,291.44,29
$CANSAT,39,18.06,978.09,298.76,2C
$CANSAT,40,18.14,976.41,306.83,2F
$CANSAT,41,18.2,976.82,313.46,1B
$CANSAT,42,17.89,975.11,320.56,2C
$CANSAT,43,18.02,975.43,327.99,22
$CANSAT,44,17.92,972.94,334.18,25
$CANSAT,45,17.49,973.52,340.93,29
$CANSAT,46,17.62,971.45,350.11,2C
$CANSAT,47,17.43,970.59,359.77,2B
$CANSAT,48,17.66,970.53,365.55,26
$CANSAT,49,17.31,969.06,373.38,21
$CANSAT,50,17.47,968.65,379.25,2A
$CANSAT,51,17.56,968.66,385.12,2F
$CANSAT,52,17.57,966.31,390.5,13
$CANSAT,53,17.22,966.26,398.49,26
$CANSAT,54,17.33,965.06,405.97,20
$CANSAT,55,17.24,965.24,411.89,2D
$CANSAT,56,17.1,964.8,417.42,27
$CANSAT,57,17.06,963.67,425.49,25
$CANSAT,58,17.44,962.11,433.69,29
$CANSAT,59,17.37,962.14,442.37,24
$CANSAT,60,16.8,959.8,451.87,2F
$CANSAT,61,16.8,959.94,456.93,19
$CANSAT,62,17.01,958.92,466.28,26
$CANSAT,63,16.84,957.52,471.78,2B
$CANSAT,64,17.02,958.0,477.24,14
$CANSAT,65,16.61,955.85,486.39,23
$CANSAT,66,16.55,954.87,495.96,23
$CANSAT,67,16.71,954.99,501.39,22
$CANSAT,68,16.82,954.04,507.33,29
$CANSAT,69,16.41,952.55,515.08,2E
$CANSAT,70,16.78,951.73,523.28,2C
$CANSAT,71,16.75,950.36,532.21,29
$CANSAT,72,16.4,950.01,539.64,12
$CANSAT,73,16.68,949.71,545.31,2D
$CANSAT,74,16.23,948.01,554.52,26
$CANSAT,75,16.45,948.21,564.42,27
$CANSAT,76,16.2,946.88,571.28,12
$CANSAT,77,16.36,946.02,578.07,22
$CANSAT,78,16.04,945.92,583.5,10
$CANSAT,79,16.14,944.68,590.32,22
$CANSAT,80,16.17,942.43,600.02,21
$CANSAT,81,16.16,942.65,608.81,26
$CANSAT,82,16.09,941.02,614.74,2E
$CANSAT,83,16.01,940.46,622.09,29
$CANSAT,84,15.88,939.89,631.44,2A
$CANSAT,85,16.1,938.98,639.9,29
$CANSAT,86,15.54,938.33,648.22,27
$CANSAT,87,15.65,936.91,656.61,2A
$CANSAT,88,15.9,935.37,662.84,1C
$CANSAT,89,15.82,934.89,670.12,26
$CANSAT,90,15.84,935.11,678.2,11
$CANSAT,91,15.75,933.6,686.69,12
$CANSAT,92,15.43,932.95,693.7,13
$CANSAT,93,15.16,932.44,700.67,23
$CANSAT,94,15.49,931.41,708.12,22
$CANSAT,95,15.19,929.6,714.54,13
$CANSAT,96,15.14,929.47,722.68,22
$CANSAT,97,15.23,929.01,731.95,25
$CANSAT,98,14.94,927.39,739.32,27
$CANSAT,99,14.93,926.17,746.23,24
$CANSAT,100,15.16,925.02,754.01,1D
$CANSAT,101,14.79,924.05,761.96,1A
$CANSAT,102,15.17,923.41,769.04,14
$CANSAT,103,15.19,922.51,778.27,1A
$CANSAT,104,14.84,923.41,784.07,19
$CANSAT,105,14.77,921.55,792.09,1A
$CANSAT,106,14.69,920.84,801.42,11
$CANSAT,107,14.59,921.56,794.28,12
$CANSAT,108,14.77,922.41,786.52,1A
$CANSAT,109,14.88,922.87,778.0,27
$CANSAT,110,14.73,924.85,770.2,25
$CANSAT,111,15.06,925.71,761.87,10
$CANSAT,112,15.22,926.54,754.28,12
$CANSAT,113,15.41,925.94,747.21,12
$CANSAT,114,15.01,926.99,739.22,15
$CANSAT,115,15.51,927.34,732.67,1D
$CANSAT,116,15.4,928.51,723.26,27
$CANSAT,117,15.59,929.51,714.38,14
$CANSAT,118,15.22,931.09,705.46,1A
$CANSAT,119,15.55,932.21,695.58,15
$CANSAT,120,15.45,933.28,687.29,13
